tau	Ksi	Eta	F	f
0	0	1	0	0
0.005	0.00499881	0.999258	0.0064735	0.00648537
0.01	0.0099891	0.996421	0.0170962	0.0171535
0.015	0.0149573	0.990152	0.034469	0.0346265
0.02	0.0198813	0.978291	0.0626725	0.0630194
0.025	0.0247252	0.95741	0.107843	0.108523
0.03	0.0294317	0.922248	0.178515	0.179757
0.035	0.0339112	0.86517	0.284832	0.286986
0.04	0.03803	0.776147	0.434768	0.438343
0.045	0.0416008	0.644311	0.625078	0.630758
0.05	0.0443885	0.462397	0.828219	0.836802
0.055	0.0461455	0.233828	0.987278	0.999509
0.06	0.0466799	-0.0220975	1.03867	1.05498
0.065	0.0459308	-0.274189	0.95777	0.978096
0.07	0.043995	-0.492784	0.780367	0.804169
0.075	0.041087	-0.661861	0.57223	0.598712
0.08	0.0374611	-0.780787	0.385239	0.413596
0.085	0.033349	-0.858155	0.241229	0.270794
0.09	0.0289306	-0.905027	0.140243	0.170529
0.095	0.0243334	-0.931125	0.073341	0.104014
0.1	0.0196419	-0.943697	0.0304942	0.0613374
0.105	0.0149106	-0.947693	0.00358807	0.0344644
0.11	0.0101739	-0.946335	-0.0131181	0.0177056
