tau	Ksi		Eta		F		f
0	0		1		0		0
0.01	0.00998898	0.996429	0.0171004	0.0171575
0.02	0.0198809	0.978313	0.0626795	0.0630261
0.03	0.0294304	0.922263	0.178478	0.17972
0.04	0.0380253	0.775948	0.434411	0.43799
0.05	0.0443737	0.461605	0.827207	0.835803
0.06	0.0466522	-0.021827	1.03813	1.05444
0.07	0.0439782	-0.491052	0.780627	0.804401
0.08	0.0374687	-0.779941	0.386616	0.414959
0.09	0.0289473	-0.905145	0.141713	0.172001
0.1	0.0196554	-0.944516	0.0317892	0.0626456
0.11	0.0101766	-0.947759	-0.0119216	0.0189248
